7.887265335062528493e+01
9.762729374836078478e+01
8.758320337156612823e+01
9.458843480635377432e+01
9.990942593074458955e+01
7.866226197941000464e+01
1.071122921516841870e+02
6.336123967393617562e+01
6.746461821504701106e+01
1.044787630810440646e+02
8.408195889899846520e+01
6.931698314687581330e+01
9.003180717604041661e+01
8.612327687240909313e+01
7.054746017716323081e+01
9.884476425302158020e+01
6.621414380658532650e+01
8.918242259460826915e+01
8.529110582162951459e+01
1.027975317159628474e+02
1.026183345743135362e+02
1.064746716175162646e+02
9.010784970900235180e+01
6.216616152383251404e+01
1.089924023748256587e+02
